%%CPLEX

%Trial 1
objs1 = [14.9363547960794	10.8197557663082	9.61922191005892	9.62049863144064	9.59543915026522	9.53556037015646	9.46368609963925	9.47438731039632	9.47975818002429	9.48491432953123	9.46764688445704	9.46580657716305	9.46104170321396	9.46573779937479	9.46030169592727	9.45993161739044	9.46032587337380	9.46319716999270	9.46053682956152	9.45778562896014	9.45816614714384	9.45981910092917	9.45921668502001	9.45800103726920	9.45862761947352	9.45915800968535	9.45847562100033	9.45740751017783	9.45791324491014	9.45826695616566	9.45832910684685	9.45771941973258	9.45790632475769	9.45781920050053	9.45790383488614	9.45743186197784	9.45761548940064	9.45769309358742	9.45796180486041	9.45754578742664	9.45748302172499	9.45746889471273	9.45769669600391	9.45744738439043	9.45744107471175	9.45753069514205	9.45769026922103	9.45743311576794	9.45734069489222	9.45741365398518	9.45755449933189	9.45744683202178	9.45741890267386	9.45745983237998	9.45758353772981	9.45741118117424	9.45734322714081	9.45740028611546	9.45744148325522	9.45746605880342	9.45737331990383	9.45741289972301	9.45738063385692	9.45743249953078	9.45733731824839	9.45743252175255	9.45740618615017	9.45743734806480	9.45733361817856	9.45733320837706	9.45737284657954	9.45744972268808	9.45740101110897	9.45735555254381	9.45736707411775	9.45739507507581	9.45731349444508	9.45734977456046	9.45734678196853	9.45737349986685	9.45741068654516	9.45735779582764	9.45738680277107	9.45739212921311	9.45734730979366	9.45733292460361	9.45742646237450	9.45736365465793	9.45735431908999	9.45733747543087	9.45733473565045	9.45737302242140	9.45737053788026	9.45735496507117	9.45735010022319	9.45734984207464	9.45735114792204	9.45732216793879];

yalmiptime1 = [0.409206300000001	0.105640300000001	0.0875343999999994	0.0983189000000001	0.0885353000000007	0.0885362000000019	0.0959541000000045	0.0864073000000016	0.0913158999999971	0.0877046999999995	0.0996490000000051	0.0897290999999996	0.0922223999999997	0.152215700000005	0.130409900000000	0.129487900000000	0.118568699999999	0.110752600000000	0.134867899999999	0.146593999999999	0.127709100000000	0.119785900000000	0.110267099999999	0.114739500000002	0.123556499999998	0.115913599999997	0.119141600000000	0.136785400000000	0.116176000000001	0.125688900000002	0.129277100000001	0.138428700000001	0.134880499999997	0.137747900000000	0.128406600000000	0.134080399999997	0.129090800000003	0.134887400000004	0.134374600000003	0.138438000000000	0.150085100000000	0.139999800000001	0.142910099999998	0.159377000000000	0.165696400000001	0.151857500000000	0.154945799999998	0.161251600000001	0.165207900000000	0.163543200000000	0.170427000000000	0.173514800000000	0.174828500000000	0.164507299999998	0.172280399999998	0.185839599999999	0.178776299999996	0.182966999999999	0.214762600000001	0.197860000000001	0.199651400000000	0.204894600000004	0.385100199999999	0.456647699999999	0.385729199999999	0.428555500000002	0.411383799999996	0.476597300000002	0.409705699999998	0.477610399999999	0.465656899999999	0.495711799999999	0.441596099999998	0.490771499999997	0.484191800000004	0.470375400000006	0.495683099999997	0.503632799999998	0.496988100000001	0.540249100000000	0.528420699999994	0.543526399999999	0.834712199999996	0.552275500000001	0.576903300000001	0.643194899999996	0.601581699999994	0.658161400000000	0.678826000000000	0.672132100000000	0.660469499999999	0.711439499999997	0.714859999999997	0.719198100000001	0.749563800000002	0.759247399999999	0.620858400000005	0.754667500000003];

solvertime1 = [0.105793700000000	0.0843597000000000	0.0834656000000000	0.0906811000000000	0.0864647000000000	0.0874638000000000	0.0850459000000000	0.0805927000000000	0.0806841000000000	0.0862953000000000	0.0963510000000000	0.0872709000000000	0.0877776000000000	0.116784300000000	0.128590100000000	0.134512100000000	0.132431300000000	0.133247400000000	0.133132100000000	0.146406000000000	0.142290900000000	0.139214100000000	0.124732900000000	0.134260500000000	0.133443500000000	0.129086400000000	0.132858400000000	0.137214600000000	0.116824000000000	0.146311100000000	0.138722900000000	0.141571300000000	0.150119500000000	0.133252100000000	0.143593400000000	0.136919600000000	0.134909200000000	0.147112600000000	0.126625400000000	0.132562000000000	0.134914900000000	0.128000200000000	0.120089900000000	0.139623000000000	0.147303600000000	0.124142500000000	0.157054200000000	0.121748400000000	0.139792100000000	0.138456800000000	0.140573000000000	0.137485200000000	0.156171500000000	0.162492700000000	0.145719600000000	0.139160400000000	0.155223700000000	0.159033000000000	0.158237400000000	0.152140000000000	0.148348600000000	0.147105400000000	0.170899800000000	0.214352300000000	0.160270800000000	0.183444500000000	0.233616200000000	0.161402700000000	0.190294300000000	0.184389600000000	0.187343100000000	0.172288200000000	0.181403900000000	0.169228500000000	0.178808200000000	0.176624600000000	0.176316900000000	0.253367200000000	0.177011900000000	0.177750900000000	0.184579300000000	0.313473600000000	0.307287800000000	0.215724500000000	0.204096700000000	0.190805100000000	0.175418300000000	0.178838600000000	0.277174000000000	0.187867900000000	0.199530500000000	0.201560500000000	0.198140000000000	0.234801900000000	0.246436200000000	0.236752600000000	0.209141600000000	0.201332500000000];

cputime = [];

tictoctime1 = [1.18780240000000	0.836281700000000	0.989110700000000	1.19776310000000	1.27946860000000	1.83521140000000	1.67605310000000	1.86759680000000	1.98619860000000	2.23093520000000	2.62869210000000	2.66162410000000	2.65528050000000	3.09282600000000	4.58935300000000	4.52244710000000	4.70949710000000	4.06989720000000	4.48644740000000	5.48709830000000	5.07242560000000	4.81715720000000	5.17849510000000	6.04613720000000	6.25837690000000	6.04203560000000	6.66680530000000	7.33653080000000	7.43926730000000	8.23834510000000	8.96595480000000	10.0890667000000	11.0847383000000	9.39223790000000	9.33345960000000	10.1967770000000	9.83003240000000	10.3196062000000	10.8228794000000	11.3365752000000	12.3308768000000	12.1913040000000	12.9078867000000	13.3617689000000	13.6956596000000	14.2890546000000	14.0912705000000	15.4234366000000	16.3648213000000	16.2576397000000	16.9500639000000	18.6403529000000	17.8680976000000	18.6705559000000	19.0840923000000	17.8584731000000	21.2825322000000	21.6217652000000	21.4348443000000	22.4650344000000	23.9873216000000	27.8858479000000	38.1306064000000	48.2493137000000	49.2196446000000	53.9925470000000	53.2838296000000	50.6214012000000	62.3228565000000	58.9533633000000	56.0433491000000	63.5287317000000	63.8702844000000	61.4050727000000	65.7847780000000	69.8019736000000	62.1708707000000	69.2187396000000	71.3728981000000	77.5085531000000	83.4450208000000	87.5520901000000	93.4398025000000	93.0534283000000	109.517434200000	102.185803100000	100.166818200000	104.340440500000	107.547726900000	110.964070100000	110.487380700000	118.585625600000	119.637601600000	115.453609800000	123.309625400000	143.609974700000	140.639558200000	135.304937300000];




% 2nd trial
